First_RUN: T
Randomseed: 349884
Temperature: 873.0
Species: 23
Cellx: 25
Celly: 25
***species 1 VAN
5
18 10.000
19 10.000
14 10.000
21 10.000
13 10.000
0
38
6 5 3 0.810
8 9 10 1.410
8 11 3 1.270
8 12 5 0.550
8 13 5 0.90 *
14 9 5 0.680
9 15 5 0.180
15 16 5 0.110
16 17 5 1.070
18 17 3 3.720
19 18 3 0.770
20 16 3 0.980
20 18 5 0.340
10 20 5 0.070
10 15 3 1.120
11 9 15 1.200
11 21 5 0.280
21 15 15 0.990
12 10 15 0.450
12 21 3 1.000
13 22 5 0.090
22 9 18 0.630
13 9 20 0.780
8 8 1 0.220
13 13 1 0.080
12 12 1 0.050
22 22 1 0.250
21 21 1 0.710
9 9 1 0.060
15 15 1 0.140
16 16 1 0.430
10 10 1 0.060
20 20 1 0.270
18 18 1 0.080
17 17 1 0.480
3 3 1 0.440
5 5 1 0.110
6 6 1 0.230
0
4
1 2 3 3 0.500
1 4 5 6 1.000
1 7 8 5 0.580
1 23 5 5 10.000
0
***species 2 O2
0
0
0
0
0
0
***species 3 O
0
0
7
5 6 1 0.900
11 8 1 1.340
17 18 1 0.990
18 19 1 1.40 *
16 20 1 1.230
15 10 1 1.350
21 12 1 1.110
0
0
1
3 1 1 2 3.070
***species 4 H2O
0
0
0
0
0
0
***species 5 H
0
0
10
12 8 1 0.250
13 8 1 0.940
9 14 1 0.600
15 9 1 0.430
16 15 1 0.610
17 16 1 0.650
18 20 1 1.530
20 10 1 0.750
21 11 1 0.790
22 13 1 0.890
0
0
3
6 1 1 4 0.840
8 1 1 7 0.770
5 1 1 23 1.160
***species 6 OH
0
0
0
0
0
0
***species 7 CH3CH2OH
0
0
0
0
0
0
***species 8 CH3CH2O
0
0
0
0
0
0
***species 9 CH3
0
0
4
10 8 1 0.760
15 11 1 1.070
18 22 1 1.020
20 13 1 1.200
0
0
0
***species 10 HCHO
0
0
1
15 12 1 0.690
0
0
0
***species 11 CH3CH2
0
0
0
0
0
0
***species 12 CH2CH2O
0
0
0
0
0
0
***species 13 CH3CHO
0
1
13 0.220
0
0
0
0
***species 14 CH4
0
1
14 0.000
0
0
0
0
***species 15 CH2
0
0
1
15 21 1 0.170
0
0
0
***species 16 CH
0
0
0
0
0
0
***species 17 C
0
0
0
0
0
0
***species 18 CO
0
1
18 1.300
0
0
0
0
***species 19 CO2
0
1
19 0.000
0
0
0
0
***species 20 CHO
0
0
0
0
0
0
***species 21 CH2CH2
0
1
21 0.940
0
0
0
0
***species 22 CH3CO
0
0
0
0
0
0
***species 23 H2
0
0
0
0
0
0
